[-11,4,9,-2,-21,-17,-13,10,-20,-18,0,-29,-25,-26,-29,-17,-27,-2,-15,-8,-19,-21,5,-11,-2,-1,-31,2,-21,-32,-28,-11,-29,8,-17,-27,-5,0,3,6,6,-32,10,9,-10,-19,-11,-32,8,-23,-10,-7,-4,-3,8,2,9,4,-22,-26,-32,-12,0,-22,-11,4,0,-18,-10,-11,4,8,-16,-3,-32,-3,-24,-5,2,7,-27,-12,-7,-14,2,-29,-7,-21,-8,1,-25,-22,-16,-28,-27,-22,-30,-12,-26,-19]
[-23,-18,-19,-7,-23,-31,-12,-9,-24,-7,-21,-5,-8,-15,-4,1,8,-16,-7,-32,-10,8,-21,-17,-30,-19,-11,-28,-9,7,-18,-5,8,4,-21,-8,4,-24,-32,-17,-8,7,9,10,-20,-24,-27,-27,1,3,-4,-7,-21,-23,-5,-26,-10,1,-6,-18,7,-6,3,8,-20,-23,-8,-10,-22,3,-32,-18,-29,-13,-29,-1,-10,-3,-28,-30,-17,9,-20,1,-15,-8,-7,-10,-27,-31,-5,1,3,-28,-16,-22,-18,-14,0,1]
[-2,-7,-18,-23,-13,7,-18,3,-28,-32,-7,3,-22,-10,-23,-1,-3,-30,-14,2,-27,5,3,-28,-1,0,7,-9,-20,-20,-24,-29,-18,-13,-27,3,-4,-25,-4,-5,-7,5,-8,-4,-13,-14,-12,4,-13,10,-7,-21,-18,-12,-10,-29,4,-8,1,4,-4,-4,-15,8,-7,-19,-13,-30,-31,-32,-24,-30,-10,-18,8,-32,-20,5,-10,-8,-26,-20,-19,-8,-28,-19,-15,-24,-31,0,-18,-1,-18,-5,-6,-2,7,-24,-17,6]
[-9,4,5,5,-17,-26,5,-18,9,-6,-10,-13,-32,-9,-22,-11,-3,-16,-31,-4,-13,-8,-16,-15,-10,-13,-12,-22,-12,2,-28,-3,-11,-3,-17,-23,-5,-9,-29,-17,-15,-5,-26,-27,-1,-14,6,6,2,-23,10,10,-11,-7,7,-10,-20,-3,-19,-28,-8,-11,-28,-20,-2,2,-18,-18,0,-20,8,-12,-20,-28,-28,4,-31,-25,4,-2,0,6,-28,5,-32,10,-31,5,9,-21,-16,-9,0,-20,-26,8,-3,-16,1,-24]

[-268434755,-268435132,-268434633,-268434887,-268435258,-268434835,-268435057,-268435184,-268434579,-268435193,-268434834,-268434469,-268435136,-268435339,-268434681,-268435452,-268435110,-268434848,-268435077,-268434825,-268434689,-268434511,-268434531,-268434649,-268435416,-268435080,-268435198,-268435071,-268435410,-268435198,-268435410,-268434756,-268435446,-268435091,-268435363,-268435019,-268435199,-268434699,-268435249,-268435021,-268434492,-268435148,-268434536,-268434858,-268434632,-268434575,-268435412,-268434496,-268435036,-268434878,-268434479,-268434461,-268434781,-268435409,-268434732,-268434594,-268434832,-268435118,-268434670,-268435004,-268435339,-268435105,-268434631,-268435349,-268435250,-268435428,-268435184,-268435374,-268435123,-268434744,-268434932,-268434771,-268434724,-268434923,-268435311,-268434784,-268435139,-268435010,-268435431,-268434578,-268434553,-268434493,-268435195,-268435379,-268434613,-268434741,-268434925,-268434759,-268434548,-268435307,-268435301,-268434872,-268435391,-268434468,-268435127,-268434683,-268435264,-268435188,-268434652,-268435131]
[-268434836,-268435368,-268434861,-268434844,-268434508,-268434500,-268435414,-268434916,-268434490,-268435360,-268435175,-268435080,-268435387,-268435011,-268434542,-268435194,-268435161,-268435130,-268434597,-268434950,-268434660,-268434994,-268434995,-268434678,-268435434,-268435271,-268434997,-268435178,-268434503,-268434620,-268434878,-268434566,-268435167,-268434654,-268434780,-268434991,-268434951,-268435255,-268434493,-268434694,-268434889,-268434459,-268434961,-268435281,-268434904,-268435280,-268434722,-268435127,-268435412,-268435074,-268435319,-268434482,-268434465,-268435142,-268434458,-268434475,-268434939,-268434786,-268435090,-268434551,-268435100,-268434898,-268434580,-268434611,-268434560,-268434722,-268434572,-268434806,-268434556,-268434665,-268434810,-268434573,-268435123,-268434643,-268434700,-268434919,-268434798,-268435205,-268435024,-268434721,-268435203,-268435438,-268435390,-268434680,-268435218,-268435409,-268434758,-268435205,-268435347,-268435301,-268434563,-268434847,-268434943,-268434717,-268434900,-268435288,-268434990,-268434716,-268434581,-268435104]
[268434745,268434911,268435355,268435175,268435261,268434819,268435219,268435431,268434507,268434489,268435242,268434917,268435192,268434724,268435440,268435202,268435361,268435306,268434618,268434487,268435148,268434584,268434940,268434686,268434764,268435164,268434952,268435286,268435415,268435296,268434563,268434703,268434685,268435100,268434842,268434887,268434471,268435341,268435036,268435414,268435067,268434885,268434552,268434605,268435185,268434778,268435237,268435411,268434707,268434593,268435184,268434513,268434566,268435066,268434944,268434819,268435298,268434762,268434554,268434834,268435085,268434843,268435249,268434844,268434907,268434875,268435446,268434506,268435333,268435129,268435010,268434629,268435025,268434809,268434534,268435079,268435204,268434687,268434854,268434494,268434548,268434644,268434618,268434954,268435258,268435137,268435233,268434631,268435275,268434570,268434529,268434857,268435259,268434877,268434988,268434965,268435398,268434786,268435394,268434695]
[268434802,268434752,268435159,268435195,268434890,268435391,268435378,268435146,268435294,268434943,268435225,268434561,268435111,268435075,268434463,268434711,268434660,268435073,268434965,268434683,268434967,268435034,268435254,268435041,268435160,268434952,268434525,268434521,268435230,268435018,268434582,268435259,268434949,268434563,268435078,268434752,268434742,268435365,268434488,268434966,268434719,268435333,268435350,268434707,268434653,268435294,268435355,268434551,268434759,268434656,268435014,268435222,268435016,268434457,268435068,268434585,268435345,268434662,268434882,268435314,268434641,268434668,268434539,268434639,268434466,268434636,268435350,268435212,268435216,268434706,268434701,268434488,268434504,268434545,268434745,268435419,268434556,268435260,268435311,268434548,268435134,268435086,268434522,268434900,268435433,268435144,268434993,268435056,268435307,268434622,268435214,268435015,268434865,268435083,268434939,268434534,268435359,268434792,268434797,268434785]

[-71,52,67,2,-74,72,46,95,-88,-62,16,-13,36,-49,21,-2,-90,-93,46,-17,80,-31,30,78,41,65,-28,-66,-27,66,-25,27,40,-44,10,20,-21,-64,46,-95,-15,47,65,66,99,53,-68,29,14,81,-79,-79,0,-8,67,44,56,-76,97,87,98,20,-13,63,7,-14,62,0,63,0,-38,81,17,27,-21,-52,91,67,-34,40,-93,38,-26,7,41,-41,5,53,80,50,-73,10,-98,5,49,-12,50,-84,38,-43,97,-18,77,-8,39,-41,-68,83,73,-11,6,-68,2,73,97,32,54,6,62,-13,-53,-1,-40,47,62,-87,15,18,-50,28,-9,-81,74,65,19,-33,56,24,30,-13,-85,52,66,65,-25,23,94,11,88,-26,9,53,9,53,38,65,76,-54,34,12,60,21,-16,-4,87,75,-5,30,60,-41,83,-57,73,-82,-35,94,45,-6,43,-50,-50,-38,52,-79,25,-86,-25,-67,-62,52,-79,-48,62,-67,31]
[-70,63,-57,-93,13,92,89,-41,44,29,39,92,77,-71,53,-62,13,-16,97,14,-19,-60,-6,-63,63,36,90,84,-93,-44,-42,-65,41,57,54,-79,-35,-8,-64,-82,-27,56,97,87,36,-11,9,-45,-22,-41,-41,-50,68,65,61,1,55,71,-20,-17,-70,-65,-69,100,72,35,-23,-3,66,-50,40,91,46,68,33,50,98,91,-22,-63,36,68,59,-10,-100,84,47,-8,94,-37,-95,67,-73,-57,20,-95,-14,59,73,69,88,-15,71,-19,66,-2,23,36,-100,87,87,-90,28,40,-56,-45,-72,-48,-37,31,15,-9,-23,68,0,38,6,-14,51,-29,-22,78,-16,-17,52,8,-86,50,-2,84,77,89,-65,-15,-72,26,64,77,92,-87,71,46,94,-49,90,52,81,66,43,-64,-13,-32,-9,-88,-44,40,-52,13,16,8,11,-34,-74,-49,-32,31,-37,-43,-93,56,30,-46,-25,-63,-4,27,-40,59,50,52,39,49,-8,-7,-85]
[-31,-81,17,-55,-67,70,14,64,100,-45,16,22,8,-23,-90,-15,98,67,55,-62,55,-54,-13,-83,44,-33,-19,28,-34,-91,-83,59,85,-71,-45,-48,-74,-70,78,99,-42,-9,22,87,-2,59,8,-38,95,-67,88,39,78,-38,65,-19,-4,-46,57,11,36,86,-89,17,-4,-70,27,-49,77,-71,-27,66,46,88,74,80,41,-74,-79,100,51,42,-10,70,-40,64,-50,48,-55,-92,-33,74,-90,-41,-50,-29,-89,13,29,41,38,-25,-24,9,-54,56,-96,86,-87,-33,66,-17,-41,-44,45,-80,-56,-96,-86,-26,89,-19,38,-84,-82,57,64,19,34,-75,32,94,83,-7,3,43,-92,2,-50,-85,-3,-8,93,52,64,51,72,-70,98,21,8,45,92,0,-56,-100,-18,52,-25,-82,-29,40,33,-73,12,-35,26,49,-2,13,7,17,0,-95,64,84,72,-87,86,6,43,-92,-32,-77,-1,-24,-38,18,2,-47,77,8,18,42,39]
[-94,-90,65,43,-92,47,18,88,53,7,-25,-39,-29,43,-18,66,-42,-60,71,-85,91,69,-5,23,50,-84,53,86,95,11,-94,-8,21,98,-48,-23,-89,32,-17,-7,-18,-71,-68,-8,-84,79,93,-11,69,32,-87,-22,-76,85,92,62,96,-32,-49,24,-75,96,-26,-17,-86,67,71,88,-58,-35,-65,-100,-87,52,15,-89,42,-56,73,24,-95,-26,-22,-61,77,5,-17,6,63,4,-93,15,-38,-66,16,16,-59,58,-69,10,-41,-6,29,-36,96,74,-67,35,-42,-22,-79,78,-78,85,80,88,-85,-93,-98,57,45,-20,-23,-18,4,-94,20,53,-51,16,-54,72,18,-56,-59,72,-61,-18,72,40,25,-87,27,71,-44,85,13,-95,48,-23,50,-59,-93,-84,49,28,20,-78,42,31,-40,-54,-2,90,72,-17,52,97,13,80,41,-38,8,-6,10,-80,-95,-60,-10,44,-90,15,-52,41,92,7,-35,55,-24,16,88,-45,-30,81,-67]